1e-05	3.14159	-2.66732e-07
1e-05	9.42478	-2.66732e-07
1e-05	15.708	-2.66732e-07
1e-05	21.9911	-2.66732e-07
1e-05	28.2743	-2.66732e-07
1e-05	34.5575	-2.66732e-07
1e-05	40.8407	-2.66732e-07
1e-05	47.1239	-2.66732e-07
1e-05	53.4071	-2.66732e-07
1e-05	59.6903	-2.66732e-07
1e-05	65.9734	-2.66732e-07
1e-05	72.2566	-2.66732e-07
1e-05	78.5398	-2.66732e-07
1e-05	84.823	-2.66732e-07
1e-05	91.1062	-2.66732e-07
1e-05	97.3894	-2.66732e-07
2e-05	3.14159	-5.33464e-07
2e-05	9.42478	-5.33464e-07
2e-05	15.708	-5.33464e-07
2e-05	21.9911	-5.33464e-07
2e-05	28.2743	-5.33464e-07
2e-05	34.5575	-5.33464e-07
2e-05	40.8407	-5.33464e-07
2e-05	47.1239	-5.33464e-07
2e-05	53.4071	-5.33464e-07
2e-05	59.6903	-5.33464e-07
2e-05	65.9734	-5.33464e-07
2e-05	72.2566	-5.33464e-07
2e-05	78.5398	-5.33464e-07
2e-05	84.823	-5.33464e-07
2e-05	91.1062	-5.33464e-07
2e-05	97.3894	-5.33464e-07
5e-05	3.14159	-1.33366e-06
5e-05	9.42478	-1.33366e-06
5e-05	15.708	-1.33366e-06
5e-05	21.9911	-1.33366e-06
5e-05	28.2743	-1.33366e-06
5e-05	34.5575	-1.33366e-06
5e-05	40.8407	-1.33366e-06
5e-05	47.1239	-1.33366e-06
5e-05	53.4071	-1.33366e-06
5e-05	59.6903	-1.33366e-06
5e-05	65.9734	-1.33366e-06
5e-05	72.2566	-1.33366e-06
5e-05	78.5398	-1.33366e-06
5e-05	84.823	-1.33366e-06
5e-05	91.1062	-1.33366e-06
5e-05	97.3894	-1.33366e-06
8e-05	3.14159	-2.13385e-06
8e-05	9.42478	-2.13385e-06
8e-05	15.708	-2.13385e-06
8e-05	21.9911	-2.13385e-06
8e-05	28.2743	-2.13385e-06
8e-05	34.5575	-2.13385e-06
8e-05	40.8407	-2.13385e-06
8e-05	47.1239	-2.13385e-06
8e-05	53.4071	-2.13385e-06
8e-05	59.6903	-2.13385e-06
8e-05	65.9734	-2.13385e-06
8e-05	72.2566	-2.13385e-06
8e-05	78.5398	-2.13385e-06
8e-05	84.823	-2.13385e-06
8e-05	91.1062	-2.13385e-06
8e-05	97.3894	-2.13385e-06
0.00011	3.14159	-2.93404e-06
0.00011	9.42478	-2.93404e-06
0.00011	15.708	-2.93404e-06
0.00011	21.9911	-2.93404e-06
0.00011	28.2743	-2.93404e-06
0.00011	34.5575	-2.93404e-06
0.00011	40.8407	-2.93404e-06
0.00011	47.1239	-2.93404e-06
0.00011	53.4071	-2.93404e-06
0.00011	59.6903	-2.93404e-06
0.00011	65.9734	-2.93404e-06
0.00011	72.2566	-2.93404e-06
0.00011	78.5398	-2.93404e-06
0.00011	84.823	-2.93404e-06
0.00011	91.1062	-2.93404e-06
0.00011	97.3894	-2.93404e-06
0.00014	3.14159	-3.73422e-06
0.00014	9.42478	-3.73422e-06
0.00014	15.708	-3.73422e-06
0.00014	21.9911	-3.73422e-06
0.00014	28.2743	-3.73422e-06
0.00014	34.5575	-3.73422e-06
0.00014	40.8407	-3.73422e-06
0.00014	47.1239	-3.73422e-06
0.00014	53.4071	-3.73422e-06
0.00014	59.6903	-3.73422e-06
0.00014	65.9734	-3.73422e-06
0.00014	72.2566	-3.73422e-06
0.00014	78.5398	-3.73422e-06
0.00014	84.823	-3.73422e-06
0.00014	91.1062	-3.73422e-06
0.00014	97.3894	-3.73422e-06
0.00023	3.14159	-6.13473e-06
0.00023	9.42478	-6.13473e-06
0.00023	15.708	-6.13473e-06
0.00023	21.9911	-6.13473e-06
0.00023	28.2743	-6.13473e-06
0.00023	34.5575	-6.13473e-06
0.00023	40.8407	-6.13473e-06
0.00023	47.1239	-6.13473e-06
0.00023	53.4071	-6.13473e-06
0.00023	59.6903	-6.13473e-06
0.00023	65.9734	-6.13473e-06
0.00023	72.2566	-6.13473e-06
0.00023	78.5398	-6.13473e-06
0.00023	84.823	-6.13473e-06
0.00023	91.1062	-6.13473e-06
0.00023	97.3894	-6.13473e-06
0.00032	3.14159	-8.53518e-06
0.00032	9.42478	-8.53518e-06
0.00032	15.708	-8.53518e-06
0.00032	21.9911	-8.53518e-06
0.00032	28.2743	-8.53518e-06
0.00032	34.5575	-8.53518e-06
0.00032	40.8407	-8.53518e-06
0.00032	47.1239	-8.53518e-06
0.00032	53.4071	-8.53518e-06
0.00032	59.6903	-8.53518e-06
0.00032	65.9734	-8.53518e-06
0.00032	72.2566	-8.53518e-06
0.00032	78.5398	-8.53518e-06
0.00032	84.823	-8.53518e-06
0.00032	91.1062	-8.53518e-06
0.00032	97.3894	-8.53518e-06
0.00041	3.14159	-1.09355e-05
0.00041	9.42478	-1.09355e-05
0.00041	15.708	-1.09355e-05
0.00041	21.9911	-1.09355e-05
0.00041	28.2743	-1.09355e-05
0.00041	34.5575	-1.09355e-05
0.00041	40.8407	-1.09355e-05
0.00041	47.1239	-1.09355e-05
0.00041	53.4071	-1.09355e-05
0.00041	59.6903	-1.09355e-05
0.00041	65.9734	-1.09355e-05
0.00041	72.2566	-1.09355e-05
0.00041	78.5398	-1.09355e-05
0.00041	84.823	-1.09355e-05
0.00041	91.1062	-1.09355e-05
0.00041	97.3894	-1.09355e-05
0.0005	3.14159	-1.33357e-05
0.0005	9.42478	-1.33357e-05
0.0005	15.708	-1.33357e-05
0.0005	21.9911	-1.33357e-05
0.0005	28.2743	-1.33357e-05
0.0005	34.5575	-1.33357e-05
0.0005	40.8407	-1.33357e-05
0.0005	47.1239	-1.33357e-05
0.0005	53.4071	-1.33357e-05
0.0005	59.6903	-1.33357e-05
0.0005	65.9734	-1.33357e-05
0.0005	72.2566	-1.33357e-05
0.0005	78.5398	-1.33357e-05
0.0005	84.823	-1.33357e-05
0.0005	91.1062	-1.33357e-05
0.0005	97.3894	-1.33357e-05
0.00077	3.14159	-2.05359e-05
0.00077	9.42478	-2.05359e-05
0.00077	15.708	-2.05359e-05
0.00077	21.9911	-2.05359e-05
0.00077	28.2743	-2.05359e-05
0.00077	34.5575	-2.05359e-05
0.00077	40.8407	-2.05359e-05
0.00077	47.1239	-2.05359e-05
0.00077	53.4071	-2.05359e-05
0.00077	59.6903	-2.05359e-05
0.00077	65.9734	-2.05359e-05
0.00077	72.2566	-2.05359e-05
0.00077	78.5398	-2.05359e-05
0.00077	84.823	-2.05359e-05
0.00077	91.1062	-2.05359e-05
0.00077	97.3894	-2.05359e-05
0.00104	3.14159	-2.77354e-05
0.00104	9.42478	-2.77354e-05
0.00104	15.708	-2.77354e-05
0.00104	21.9911	-2.77354e-05
0.00104	28.2743	-2.77354e-05
0.00104	34.5575	-2.77354e-05
0.00104	40.8407	-2.77354e-05
0.00104	47.1239	-2.77354e-05
0.00104	53.4071	-2.77354e-05
0.00104	59.6903	-2.77354e-05
0.00104	65.9734	-2.77354e-05
0.00104	72.2566	-2.77354e-05
0.00104	78.5398	-2.77354e-05
0.00104	84.823	-2.77354e-05
0.00104	91.1062	-2.77354e-05
0.00104	97.3894	-2.77354e-05
0.00131	3.14159	-3.4934e-05
0.00131	9.42478	-3.4934e-05
0.00131	15.708	-3.4934e-05
0.00131	21.9911	-3.4934e-05
0.00131	28.2743	-3.4934e-05
0.00131	34.5575	-3.4934e-05
0.00131	40.8407	-3.4934e-05
0.00131	47.1239	-3.4934e-05
0.00131	53.4071	-3.4934e-05
0.00131	59.6903	-3.4934e-05
0.00131	65.9734	-3.4934e-05
0.00131	72.2566	-3.4934e-05
0.00131	78.5398	-3.4934e-05
0.00131	84.823	-3.4934e-05
0.00131	91.1062	-3.4934e-05
0.00131	97.3894	-3.4934e-05
0.00158	3.14159	-4.2132e-05
0.00158	9.42478	-4.2132e-05
0.00158	15.708	-4.2132e-05
0.00158	21.9911	-4.2132e-05
0.00158	28.2743	-4.2132e-05
0.00158	34.5575	-4.2132e-05
0.00158	40.8407	-4.2132e-05
0.00158	47.1239	-4.2132e-05
0.00158	53.4071	-4.2132e-05
0.00158	59.6903	-4.2132e-05
0.00158	65.9734	-4.2132e-05
0.00158	72.2566	-4.2132e-05
0.00158	78.5398	-4.2132e-05
0.00158	84.823	-4.2132e-05
0.00158	91.1062	-4.2132e-05
0.00158	97.3894	-4.2132e-05
0.00239	3.14159	-6.37217e-05
0.00239	9.42478	-6.37217e-05
0.00239	15.708	-6.37217e-05
0.00239	21.9911	-6.37217e-05
0.00239	28.2743	-6.37217e-05
0.00239	34.5575	-6.37217e-05
0.00239	40.8407	-6.37217e-05
0.00239	47.1239	-6.37217e-05
0.00239	53.4071	-6.37217e-05
0.00239	59.6903	-6.37217e-05
0.00239	65.9734	-6.37217e-05
0.00239	72.2566	-6.37217e-05
0.00239	78.5398	-6.37217e-05
0.00239	84.823	-6.37217e-05
0.00239	91.1062	-6.37217e-05
0.00239	97.3894	-6.37217e-05
0.0032	3.14159	-8.53053e-05
0.0032	9.42478	-8.53053e-05
0.0032	15.708	-8.53053e-05
0.0032	21.9911	-8.53053e-05
0.0032	28.2743	-8.53053e-05
0.0032	34.5575	-8.53053e-05
0.0032	40.8407	-8.53053e-05
0.0032	47.1239	-8.53053e-05
0.0032	53.4071	-8.53053e-05
0.0032	59.6903	-8.53053e-05
0.0032	65.9734	-8.53053e-05
0.0032	72.2566	-8.53053e-05
0.0032	78.5398	-8.53053e-05
0.0032	84.823	-8.53053e-05
0.0032	91.1062	-8.53053e-05
0.0032	97.3894	-8.53053e-05
0.00401	3.14159	-0.000106882
0.00401	9.42478	-0.000106882
0.00401	15.708	-0.000106882
0.00401	21.9911	-0.000106882
0.00401	28.2743	-0.000106882
0.00401	34.5575	-0.000106882
0.00401	40.8407	-0.000106882
0.00401	47.1239	-0.000106882
0.00401	53.4071	-0.000106882
0.00401	59.6903	-0.000106882
0.00401	65.9734	-0.000106882
0.00401	72.2566	-0.000106882
0.00401	78.5398	-0.000106882
0.00401	84.823	-0.000106882
0.00401	91.1062	-0.000106882
0.00401	97.3894	-0.000106882
0.00482	3.14159	-0.000128452
0.00482	9.42478	-0.000128452
0.00482	15.708	-0.000128452
0.00482	21.9911	-0.000128452
0.00482	28.2743	-0.000128452
0.00482	34.5575	-0.000128452
0.00482	40.8407	-0.000128452
0.00482	47.1239	-0.000128452
0.00482	53.4071	-0.000128452
0.00482	59.6903	-0.000128452
0.00482	65.9734	-0.000128452
0.00482	72.2566	-0.000128452
0.00482	78.5398	-0.000128452
0.00482	84.823	-0.000128452
0.00482	91.1062	-0.000128452
0.00482	97.3894	-0.000128452
0.00725	3.14159	-0.000193127
0.00725	9.42478	-0.000193127
0.00725	15.708	-0.000193127
0.00725	21.9911	-0.000193127
0.00725	28.2743	-0.000193127
0.00725	34.5575	-0.000193127
0.00725	40.8407	-0.000193127
0.00725	47.1239	-0.000193127
0.00725	53.4071	-0.000193127
0.00725	59.6903	-0.000193127
0.00725	65.9734	-0.000193127
0.00725	72.2566	-0.000193127
0.00725	78.5398	-0.000193127
0.00725	84.823	-0.000193127
0.00725	91.1062	-0.000193127
0.00725	97.3894	-0.000193127
0.00968	3.14159	-0.000257755
0.00968	9.42478	-0.000257755
0.00968	15.708	-0.000257755
0.00968	21.9911	-0.000257755
0.00968	28.2743	-0.000257755
0.00968	34.5575	-0.000257755
0.00968	40.8407	-0.000257755
0.00968	47.1239	-0.000257755
0.00968	53.4071	-0.000257755
0.00968	59.6903	-0.000257755
0.00968	65.9734	-0.000257755
0.00968	72.2566	-0.000257755
0.00968	78.5398	-0.000257755
0.00968	84.823	-0.000257755
0.00968	91.1062	-0.000257755
0.00968	97.3894	-0.000257755
0.01211	3.14159	-0.000322349
0.01211	9.42478	-0.000322349
0.01211	15.708	-0.000322349
0.01211	21.9911	-0.000322349
0.01211	28.2743	-0.000322349
0.01211	34.5575	-0.000322349
0.01211	40.8407	-0.000322349
0.01211	47.1239	-0.000322349
0.01211	53.4071	-0.000322349
0.01211	59.6903	-0.000322349
0.01211	65.9734	-0.000322349
0.01211	72.2566	-0.000322349
0.01211	78.5398	-0.000322349
0.01211	84.823	-0.000322349
0.01211	91.1062	-0.000322349
0.01211	97.3894	-0.000322349
0.01454	3.14159	-0.00038692
0.01454	9.42478	-0.00038692
0.01454	15.708	-0.00038692
0.01454	21.9911	-0.00038692
0.01454	28.2743	-0.00038692
0.01454	34.5575	-0.00038692
0.01454	40.8407	-0.00038692
0.01454	47.1239	-0.00038692
0.01454	53.4071	-0.00038692
0.01454	59.6903	-0.00038692
0.01454	65.9734	-0.00038692
0.01454	72.2566	-0.00038692
0.01454	78.5398	-0.00038692
0.01454	84.823	-0.00038692
0.01454	91.1062	-0.00038692
0.01454	97.3894	-0.00038692
0.02183	3.14159	-0.000580428
0.02183	9.42478	-0.000580428
0.02183	15.708	-0.000580428
0.02183	21.9911	-0.000580428
0.02183	28.2743	-0.000580428
0.02183	34.5575	-0.000580428
0.02183	40.8407	-0.000580428
0.02183	47.1239	-0.000580428
0.02183	53.4071	-0.000580428
0.02183	59.6903	-0.000580428
0.02183	65.9734	-0.000580428
0.02183	72.2566	-0.000580428
0.02183	78.5398	-0.000580428
0.02183	84.823	-0.000580428
0.02183	91.1062	-0.000580428
0.02183	97.3894	-0.000580428
0.02912	3.14159	-0.000773843
0.02912	9.42478	-0.000773843
0.02912	15.708	-0.000773843
0.02912	21.9911	-0.000773843
0.02912	28.2743	-0.000773843
0.02912	34.5575	-0.000773843
0.02912	40.8407	-0.000773843
0.02912	47.1239	-0.000773843
0.02912	53.4071	-0.000773843
0.02912	59.6903	-0.000773843
0.02912	65.9734	-0.000773843
0.02912	72.2566	-0.000773843
0.02912	78.5398	-0.000773843
0.02912	84.823	-0.000773843
0.02912	91.1062	-0.000773843
0.02912	97.3894	-0.000773843
0.03641	3.14159	-0.000966933
0.03641	9.42478	-0.000966933
0.03641	15.708	-0.000966933
0.03641	21.9911	-0.000966933
0.03641	28.2743	-0.000966933
0.03641	34.5575	-0.000966933
0.03641	40.8407	-0.000966933
0.03641	47.1239	-0.000966933
0.03641	53.4071	-0.000966933
0.03641	59.6903	-0.000966933
0.03641	65.9734	-0.000966933
0.03641	72.2566	-0.000966933
0.03641	78.5398	-0.000966933
0.03641	84.823	-0.000966933
0.03641	91.1062	-0.000966933
0.03641	97.3894	-0.000966933
0.0437	3.14159	-0.00116005
0.0437	9.42478	-0.00116005
0.0437	15.708	-0.00116005
0.0437	21.9911	-0.00116005
0.0437	28.2743	-0.00116005
0.0437	34.5575	-0.00116005
0.0437	40.8407	-0.00116005
0.0437	47.1239	-0.00116005
0.0437	53.4071	-0.00116005
0.0437	59.6903	-0.00116005
0.0437	65.9734	-0.00116005
0.0437	72.2566	-0.00116005
0.0437	78.5398	-0.00116005
0.0437	84.823	-0.00116005
0.0437	91.1062	-0.00116005
0.0437	97.3894	-0.00116005
0.06557	3.14159	-0.00174073
0.06557	9.42478	-0.00174073
0.06557	15.708	-0.00174073
0.06557	21.9911	-0.00174073
0.06557	28.2743	-0.00174073
0.06557	34.5575	-0.00174073
0.06557	40.8407	-0.00174073
0.06557	47.1239	-0.00174073
0.06557	53.4071	-0.00174073
0.06557	59.6903	-0.00174073
0.06557	65.9734	-0.00174073
0.06557	72.2566	-0.00174073
0.06557	78.5398	-0.00174073
0.06557	84.823	-0.00174073
0.06557	91.1062	-0.00174073
0.06557	97.3894	-0.00174073
0.08744	3.14159	-0.00232614
0.08744	9.42478	-0.00232614
0.08744	15.708	-0.00232614
0.08744	21.9911	-0.00232614
0.08744	28.2743	-0.00232614
0.08744	34.5575	-0.00232614
0.08744	40.8407	-0.00232614
0.08744	47.1239	-0.00232614
0.08744	53.4071	-0.00232614
0.08744	59.6903	-0.00232614
0.08744	65.9734	-0.00232614
0.08744	72.2566	-0.00232614
0.08744	78.5398	-0.00232614
0.08744	84.823	-0.00232614
0.08744	91.1062	-0.00232614
0.08744	97.3894	-0.00232614
0.10931	3.14159	-0.00291954
0.10931	9.42478	-0.00291954
0.10931	15.708	-0.00291954
0.10931	21.9911	-0.00291954
0.10931	28.2743	-0.00291954
0.10931	34.5575	-0.00291954
0.10931	40.8407	-0.00291954
0.10931	47.1239	-0.00291954
0.10931	53.4071	-0.00291954
0.10931	59.6903	-0.00291954
0.10931	65.9734	-0.00291954
0.10931	72.2566	-0.00291954
0.10931	78.5398	-0.00291954
0.10931	84.823	-0.00291954
0.10931	91.1062	-0.00291954
0.10931	97.3894	-0.00291954
0.13118	3.14159	-0.00351554
0.13118	9.42478	-0.00351554
0.13118	15.708	-0.00351554
0.13118	21.9911	-0.00351554
0.13118	28.2743	-0.00351554
0.13118	34.5575	-0.00351554
0.13118	40.8407	-0.00351554
0.13118	47.1239	-0.00351554
0.13118	53.4071	-0.00351554
0.13118	59.6903	-0.00351554
0.13118	65.9734	-0.00351554
0.13118	72.2566	-0.00351554
0.13118	78.5398	-0.00351554
0.13118	84.823	-0.00351554
0.13118	91.1062	-0.00351554
0.13118	97.3894	-0.00351554
0.19679	3.14159	-0.00530708
0.19679	9.42478	-0.00530708
0.19679	15.708	-0.00530708
0.19679	21.9911	-0.00530708
0.19679	28.2743	-0.00530708
0.19679	34.5575	-0.00530708
0.19679	40.8407	-0.00530708
0.19679	47.1239	-0.00530708
0.19679	53.4071	-0.00530708
0.19679	59.6903	-0.00530708
0.19679	65.9734	-0.00530708
0.19679	72.2566	-0.00530708
0.19679	78.5398	-0.00530708
0.19679	84.823	-0.00530708
0.19679	91.1062	-0.00530708
0.19679	97.3894	-0.00530708
0.2624	3.14159	-0.00708737
0.2624	9.42478	-0.00708737
0.2624	15.708	-0.00708737
0.2624	21.9911	-0.00708737
0.2624	28.2743	-0.00708737
0.2624	34.5575	-0.00708737
0.2624	40.8407	-0.00708737
0.2624	47.1239	-0.00708737
0.2624	53.4071	-0.00708737
0.2624	59.6903	-0.00708737
0.2624	65.9734	-0.00708737
0.2624	72.2566	-0.00708737
0.2624	78.5398	-0.00708737
0.2624	84.823	-0.00708737
0.2624	91.1062	-0.00708737
0.2624	97.3894	-0.00708737
0.32801	3.14159	-0.00882209
0.32801	9.42478	-0.00882209
0.32801	15.708	-0.00882209
0.32801	21.9911	-0.00882209
0.32801	28.2743	-0.00882209
0.32801	34.5575	-0.00882209
0.32801	40.8407	-0.00882209
0.32801	47.1239	-0.00882209
0.32801	53.4071	-0.00882209
0.32801	59.6903	-0.00882209
0.32801	65.9734	-0.00882209
0.32801	72.2566	-0.00882209
0.32801	78.5398	-0.00882209
0.32801	84.823	-0.00882209
0.32801	91.1062	-0.00882209
0.32801	97.3894	-0.00882209
0.34801	3.14159	-0.00934078
0.34801	9.42478	-0.00934078
0.34801	15.708	-0.00934078
0.34801	21.9911	-0.00934078
0.34801	28.2743	-0.00934078
0.34801	34.5575	-0.00934078
0.34801	40.8407	-0.00934078
0.34801	47.1239	-0.00934078
0.34801	53.4071	-0.00934078
0.34801	59.6903	-0.00934078
0.34801	65.9734	-0.00934078
0.34801	72.2566	-0.00934078
0.34801	78.5398	-0.00934078
0.34801	84.823	-0.00934078
0.34801	91.1062	-0.00934078
0.34801	97.3894	-0.00934078
0.36801	3.14159	-0.00985773
0.36801	9.42478	-0.00985773
0.36801	15.708	-0.00985773
0.36801	21.9911	-0.00985773
0.36801	28.2743	-0.00985773
0.36801	34.5575	-0.00985773
0.36801	40.8407	-0.00985773
0.36801	47.1239	-0.00985773
0.36801	53.4071	-0.00985773
0.36801	59.6903	-0.00985773
0.36801	65.9734	-0.00985773
0.36801	72.2566	-0.00985773
0.36801	78.5398	-0.00985773
0.36801	84.823	-0.00985773
0.36801	91.1062	-0.00985773
0.36801	97.3894	-0.00985773
0.38801	3.14159	-0.0103716
0.38801	9.42478	-0.0103716
0.38801	15.708	-0.0103716
0.38801	21.9911	-0.0103716
0.38801	28.2743	-0.0103716
0.38801	34.5575	-0.0103716
0.38801	40.8407	-0.0103716
0.38801	47.1239	-0.0103716
0.38801	53.4071	-0.0103716
0.38801	59.6903	-0.0103716
0.38801	65.9734	-0.0103716
0.38801	72.2566	-0.0103716
0.38801	78.5398	-0.0103716
0.38801	84.823	-0.0103716
0.38801	91.1062	-0.0103716
0.38801	97.3894	-0.0103716
0.40801	3.14159	-0.010887
0.40801	9.42478	-0.010887
0.40801	15.708	-0.010887
0.40801	21.9911	-0.010887
0.40801	28.2743	-0.010887
0.40801	34.5575	-0.010887
0.40801	40.8407	-0.010887
0.40801	47.1239	-0.010887
0.40801	53.4071	-0.010887
0.40801	59.6903	-0.010887
0.40801	65.9734	-0.010887
0.40801	72.2566	-0.010887
0.40801	78.5398	-0.010887
0.40801	84.823	-0.010887
0.40801	91.1062	-0.010887
0.40801	97.3894	-0.010887
0.42801	3.14159	-0.011391
0.42801	9.42478	-0.011391
0.42801	15.708	-0.011391
0.42801	21.9911	-0.011391
0.42801	28.2743	-0.011391
0.42801	34.5575	-0.011391
0.42801	40.8407	-0.011391
0.42801	47.1239	-0.011391
0.42801	53.4071	-0.011391
0.42801	59.6903	-0.011391
0.42801	65.9734	-0.011391
0.42801	72.2566	-0.011391
0.42801	78.5398	-0.011391
0.42801	84.823	-0.011391
0.42801	91.1062	-0.011391
0.42801	97.3894	-0.011391
0.44801	3.14159	-0.0118866
0.44801	9.42478	-0.0118866
0.44801	15.708	-0.0118866
0.44801	21.9911	-0.0118866
0.44801	28.2743	-0.0118866
0.44801	34.5575	-0.0118866
0.44801	40.8407	-0.0118866
0.44801	47.1239	-0.0118866
0.44801	53.4071	-0.0118866
0.44801	59.6903	-0.0118866
0.44801	65.9734	-0.0118866
0.44801	72.2566	-0.0118866
0.44801	78.5398	-0.0118866
0.44801	84.823	-0.0118866
0.44801	91.1062	-0.0118866
0.44801	97.3894	-0.0118866
0.46801	3.14159	-0.0123817
0.46801	9.42478	-0.0123817
0.46801	15.708	-0.0123817
0.46801	21.9911	-0.0123817
0.46801	28.2743	-0.0123817
0.46801	34.5575	-0.0123817
0.46801	40.8407	-0.0123817
0.46801	47.1239	-0.0123817
0.46801	53.4071	-0.0123817
0.46801	59.6903	-0.0123817
0.46801	65.9734	-0.0123817
0.46801	72.2566	-0.0123817
0.46801	78.5398	-0.0123817
0.46801	84.823	-0.0123817
0.46801	91.1062	-0.0123817
0.46801	97.3894	-0.0123817
0.48801	3.14159	-0.012865
0.48801	9.42478	-0.012865
0.48801	15.708	-0.012865
0.48801	21.9911	-0.012865
0.48801	28.2743	-0.012865
0.48801	34.5575	-0.012865
0.48801	40.8407	-0.012865
0.48801	47.1239	-0.012865
0.48801	53.4071	-0.012865
0.48801	59.6903	-0.012865
0.48801	65.9734	-0.012865
0.48801	72.2566	-0.012865
0.48801	78.5398	-0.012865
0.48801	84.823	-0.012865
0.48801	91.1062	-0.012865
0.48801	97.3894	-0.012865
0.50801	3.14159	-0.0133548
0.50801	9.42478	-0.0133548
0.50801	15.708	-0.0133548
0.50801	21.9911	-0.0133548
0.50801	28.2743	-0.0133548
0.50801	34.5575	-0.0133548
0.50801	40.8407	-0.0133548
0.50801	47.1239	-0.0133548
0.50801	53.4071	-0.0133548
0.50801	59.6903	-0.0133548
0.50801	65.9734	-0.0133548
0.50801	72.2566	-0.0133548
0.50801	78.5398	-0.0133548
0.50801	84.823	-0.0133548
0.50801	91.1062	-0.0133548
0.50801	97.3894	-0.0133548
0.52801	3.14159	-0.0138471
0.52801	9.42478	-0.0138471
0.52801	15.708	-0.0138471
0.52801	21.9911	-0.0138471
0.52801	28.2743	-0.0138471
0.52801	34.5575	-0.0138471
0.52801	40.8407	-0.0138471
0.52801	47.1239	-0.0138471
0.52801	53.4071	-0.0138471
0.52801	59.6903	-0.0138471
0.52801	65.9734	-0.0138471
0.52801	72.2566	-0.0138471
0.52801	78.5398	-0.0138471
0.52801	84.823	-0.0138471
0.52801	91.1062	-0.0138471
0.52801	97.3894	-0.0138471
0.54801	3.14159	-0.014326
0.54801	9.42478	-0.014326
0.54801	15.708	-0.014326
0.54801	21.9911	-0.014326
0.54801	28.2743	-0.014326
0.54801	34.5575	-0.014326
0.54801	40.8407	-0.014326
0.54801	47.1239	-0.014326
0.54801	53.4071	-0.014326
0.54801	59.6903	-0.014326
0.54801	65.9734	-0.014326
0.54801	72.2566	-0.014326
0.54801	78.5398	-0.014326
0.54801	84.823	-0.014326
0.54801	91.1062	-0.014326
0.54801	97.3894	-0.014326
0.56801	3.14159	-0.0148193
0.56801	9.42478	-0.0148193
0.56801	15.708	-0.0148193
0.56801	21.9911	-0.0148193
0.56801	28.2743	-0.0148193
0.56801	34.5575	-0.0148193
0.56801	40.8407	-0.0148193
0.56801	47.1239	-0.0148193
0.56801	53.4071	-0.0148193
0.56801	59.6903	-0.0148193
0.56801	65.9734	-0.0148193
0.56801	72.2566	-0.0148193
0.56801	78.5398	-0.0148193
0.56801	84.823	-0.0148193
0.56801	91.1062	-0.0148193
0.56801	97.3894	-0.0148193
0.58801	3.14159	-0.0153251
0.58801	9.42478	-0.0153251
0.58801	15.708	-0.0153251
0.58801	21.9911	-0.0153251
0.58801	28.2743	-0.0153251
0.58801	34.5575	-0.0153251
0.58801	40.8407	-0.0153251
0.58801	47.1239	-0.0153251
0.58801	53.4071	-0.0153251
0.58801	59.6903	-0.0153251
0.58801	65.9734	-0.0153251
0.58801	72.2566	-0.0153251
0.58801	78.5398	-0.0153251
0.58801	84.823	-0.0153251
0.58801	91.1062	-0.0153251
0.58801	97.3894	-0.0153251
0.60801	3.14159	-0.0158213
0.60801	9.42478	-0.0158213
0.60801	15.708	-0.0158213
0.60801	21.9911	-0.0158213
0.60801	28.2743	-0.0158213
0.60801	34.5575	-0.0158213
0.60801	40.8407	-0.0158213
0.60801	47.1239	-0.0158213
0.60801	53.4071	-0.0158213
0.60801	59.6903	-0.0158213
0.60801	65.9734	-0.0158213
0.60801	72.2566	-0.0158213
0.60801	78.5398	-0.0158213
0.60801	84.823	-0.0158213
0.60801	91.1062	-0.0158213
0.60801	97.3894	-0.0158213
0.62801	3.14159	-0.0163396
0.62801	9.42478	-0.0163396
0.62801	15.708	-0.0163396
0.62801	21.9911	-0.0163396
0.62801	28.2743	-0.0163396
0.62801	34.5575	-0.0163396
0.62801	40.8407	-0.0163396
0.62801	47.1239	-0.0163396
0.62801	53.4071	-0.0163396
0.62801	59.6903	-0.0163396
0.62801	65.9734	-0.0163396
0.62801	72.2566	-0.0163396
0.62801	78.5398	-0.0163396
0.62801	84.823	-0.0163396
0.62801	91.1062	-0.0163396
0.62801	97.3894	-0.0163396
0.64801	3.14159	-0.0168567
0.64801	9.42478	-0.0168567
0.64801	15.708	-0.0168567
0.64801	21.9911	-0.0168567
0.64801	28.2743	-0.0168567
0.64801	34.5575	-0.0168567
0.64801	40.8407	-0.0168567
0.64801	47.1239	-0.0168567
0.64801	53.4071	-0.0168567
0.64801	59.6903	-0.0168567
0.64801	65.9734	-0.0168567
0.64801	72.2566	-0.0168567
0.64801	78.5398	-0.0168567
0.64801	84.823	-0.0168567
0.64801	91.1062	-0.0168567
0.64801	97.3894	-0.0168567
0.66801	3.14159	-0.0173434
0.66801	9.42478	-0.0173434
0.66801	15.708	-0.0173434
0.66801	21.9911	-0.0173434
0.66801	28.2743	-0.0173434
0.66801	34.5575	-0.0173434
0.66801	40.8407	-0.0173434
0.66801	47.1239	-0.0173434
0.66801	53.4071	-0.0173434
0.66801	59.6903	-0.0173434
0.66801	65.9734	-0.0173434
0.66801	72.2566	-0.0173434
0.66801	78.5398	-0.0173434
0.66801	84.823	-0.0173434
0.66801	91.1062	-0.0173434
0.66801	97.3894	-0.0173434
0.68801	3.14159	-0.0178488
0.68801	9.42478	-0.0178488
0.68801	15.708	-0.0178488
0.68801	21.9911	-0.0178488
0.68801	28.2743	-0.0178488
0.68801	34.5575	-0.0178488
0.68801	40.8407	-0.0178488
0.68801	47.1239	-0.0178488
0.68801	53.4071	-0.0178488
0.68801	59.6903	-0.0178488
0.68801	65.9734	-0.0178488
0.68801	72.2566	-0.0178488
0.68801	78.5398	-0.0178488
0.68801	84.823	-0.0178488
0.68801	91.1062	-0.0178488
0.68801	97.3894	-0.0178488
0.7376	3.14159	-0.0191037
0.7376	9.42478	-0.0191037
0.7376	15.708	-0.0191037
0.7376	21.9911	-0.0191037
0.7376	28.2743	-0.0191037
0.7376	34.5575	-0.0191037
0.7376	40.8407	-0.0191037
0.7376	47.1239	-0.0191037
0.7376	53.4071	-0.0191037
0.7376	59.6903	-0.0191037
0.7376	65.9734	-0.0191037
0.7376	72.2566	-0.0191037
0.7376	78.5398	-0.0191037
0.7376	84.823	-0.0191037
0.7376	91.1062	-0.0191037
0.7376	97.3894	-0.0191037
0.80321	3.14159	-0.0206481
0.80321	9.42478	-0.0206481
0.80321	15.708	-0.0206481
0.80321	21.9911	-0.0206481
0.80321	28.2743	-0.0206481
0.80321	34.5575	-0.0206481
0.80321	40.8407	-0.0206481
0.80321	47.1239	-0.0206481
0.80321	53.4071	-0.0206481
0.80321	59.6903	-0.0206481
0.80321	65.9734	-0.0206481
0.80321	72.2566	-0.0206481
0.80321	78.5398	-0.0206481
0.80321	84.823	-0.0206481
0.80321	91.1062	-0.0206481
0.80321	97.3894	-0.0206481
0.86882	3.14159	-0.0219715
0.86882	9.42478	-0.0219715
0.86882	15.708	-0.0219715
0.86882	21.9911	-0.0219715
0.86882	28.2743	-0.0219715
0.86882	34.5575	-0.0219715
0.86882	40.8407	-0.0219715
0.86882	47.1239	-0.0219715
0.86882	53.4071	-0.0219715
0.86882	59.6903	-0.0219715
0.86882	65.9734	-0.0219715
0.86882	72.2566	-0.0219715
0.86882	78.5398	-0.0219715
0.86882	84.823	-0.0219715
0.86882	91.1062	-0.0219715
0.86882	97.3894	-0.0219715
0.89069	3.14159	-0.0224592
0.89069	9.42478	-0.0224592
0.89069	15.708	-0.0224592
0.89069	21.9911	-0.0224592
0.89069	28.2743	-0.0224592
0.89069	34.5575	-0.0224592
0.89069	40.8407	-0.0224592
0.89069	47.1239	-0.0224592
0.89069	53.4071	-0.0224592
0.89069	59.6903	-0.0224592
0.89069	65.9734	-0.0224592
0.89069	72.2566	-0.0224592
0.89069	78.5398	-0.0224592
0.89069	84.823	-0.0224592
0.89069	91.1062	-0.0224592
0.89069	97.3894	-0.0224592
0.91256	3.14159	-0.0229448
0.91256	9.42478	-0.0229448
0.91256	15.708	-0.0229448
0.91256	21.9911	-0.0229448
0.91256	28.2743	-0.0229448
0.91256	34.5575	-0.0229448
0.91256	40.8407	-0.0229448
0.91256	47.1239	-0.0229448
0.91256	53.4071	-0.0229448
0.91256	59.6903	-0.0229448
0.91256	65.9734	-0.0229448
0.91256	72.2566	-0.0229448
0.91256	78.5398	-0.0229448
0.91256	84.823	-0.0229448
0.91256	91.1062	-0.0229448
0.91256	97.3894	-0.0229448
0.93443	3.14159	-0.0233957
0.93443	9.42478	-0.0233957
0.93443	15.708	-0.0233957
0.93443	21.9911	-0.0233957
0.93443	28.2743	-0.0233957
0.93443	34.5575	-0.0233957
0.93443	40.8407	-0.0233957
0.93443	47.1239	-0.0233957
0.93443	53.4071	-0.0233957
0.93443	59.6903	-0.0233957
0.93443	65.9734	-0.0233957
0.93443	72.2566	-0.0233957
0.93443	78.5398	-0.0233957
0.93443	84.823	-0.0233957
0.93443	91.1062	-0.0233957
0.93443	97.3894	-0.0233957
0.9563	3.14159	-0.0238739
0.9563	9.42478	-0.0238739
0.9563	15.708	-0.0238739
0.9563	21.9911	-0.0238739
0.9563	28.2743	-0.0238739
0.9563	34.5575	-0.0238739
0.9563	40.8407	-0.0238739
0.9563	47.1239	-0.0238739
0.9563	53.4071	-0.0238739
0.9563	59.6903	-0.0238739
0.9563	65.9734	-0.0238739
0.9563	72.2566	-0.0238739
0.9563	78.5398	-0.0238739
0.9563	84.823	-0.0238739
0.9563	91.1062	-0.0238739
0.9563	97.3894	-0.0238739
0.96359	3.14159	-0.0240364
0.96359	9.42478	-0.0240364
0.96359	15.708	-0.0240364
0.96359	21.9911	-0.0240364
0.96359	28.2743	-0.0240364
0.96359	34.5575	-0.0240364
0.96359	40.8407	-0.0240364
0.96359	47.1239	-0.0240364
0.96359	53.4071	-0.0240364
0.96359	59.6903	-0.0240364
0.96359	65.9734	-0.0240364
0.96359	72.2566	-0.0240364
0.96359	78.5398	-0.0240364
0.96359	84.823	-0.0240364
0.96359	91.1062	-0.0240364
0.96359	97.3894	-0.0240364
0.97088	3.14159	-0.0241938
0.97088	9.42478	-0.0241938
0.97088	15.708	-0.0241938
0.97088	21.9911	-0.0241938
0.97088	28.2743	-0.0241938
0.97088	34.5575	-0.0241938
0.97088	40.8407	-0.0241938
0.97088	47.1239	-0.0241938
0.97088	53.4071	-0.0241938
0.97088	59.6903	-0.0241938
0.97088	65.9734	-0.0241938
0.97088	72.2566	-0.0241938
0.97088	78.5398	-0.0241938
0.97088	84.823	-0.0241938
0.97088	91.1062	-0.0241938
0.97088	97.3894	-0.0241938
0.97817	3.14159	-0.0243419
0.97817	9.42478	-0.0243419
0.97817	15.708	-0.0243419
0.97817	21.9911	-0.0243419
0.97817	28.2743	-0.0243419
0.97817	34.5575	-0.0243419
0.97817	40.8407	-0.0243419
0.97817	47.1239	-0.0243419
0.97817	53.4071	-0.0243419
0.97817	59.6903	-0.0243419
0.97817	65.9734	-0.0243419
0.97817	72.2566	-0.0243419
0.97817	78.5398	-0.0243419
0.97817	84.823	-0.0243419
0.97817	91.1062	-0.0243419
0.97817	97.3894	-0.0243419
0.98546	3.14159	-0.024488
0.98546	9.42478	-0.024488
0.98546	15.708	-0.024488
0.98546	21.9911	-0.024488
0.98546	28.2743	-0.024488
0.98546	34.5575	-0.024488
0.98546	40.8407	-0.024488
0.98546	47.1239	-0.024488
0.98546	53.4071	-0.024488
0.98546	59.6903	-0.024488
0.98546	65.9734	-0.024488
0.98546	72.2566	-0.024488
0.98546	78.5398	-0.024488
0.98546	84.823	-0.024488
0.98546	91.1062	-0.024488
0.98546	97.3894	-0.024488
0.98789	3.14159	-0.0245359
0.98789	9.42478	-0.0245359
0.98789	15.708	-0.0245359
0.98789	21.9911	-0.0245359
0.98789	28.2743	-0.0245359
0.98789	34.5575	-0.0245359
0.98789	40.8407	-0.0245359
0.98789	47.1239	-0.0245359
0.98789	53.4071	-0.0245359
0.98789	59.6903	-0.0245359
0.98789	65.9734	-0.0245359
0.98789	72.2566	-0.0245359
0.98789	78.5398	-0.0245359
0.98789	84.823	-0.0245359
0.98789	91.1062	-0.0245359
0.98789	97.3894	-0.0245359
0.99032	3.14159	-0.0245837
0.99032	9.42478	-0.0245837
0.99032	15.708	-0.0245837
0.99032	21.9911	-0.0245837
0.99032	28.2743	-0.0245837
0.99032	34.5575	-0.0245837
0.99032	40.8407	-0.0245837
0.99032	47.1239	-0.0245837
0.99032	53.4071	-0.0245837
0.99032	59.6903	-0.0245837
0.99032	65.9734	-0.0245837
0.99032	72.2566	-0.0245837
0.99032	78.5398	-0.0245837
0.99032	84.823	-0.0245837
0.99032	91.1062	-0.0245837
0.99032	97.3894	-0.0245837
0.99275	3.14159	-0.0246326
0.99275	9.42478	-0.0246326
0.99275	15.708	-0.0246326
0.99275	21.9911	-0.0246326
0.99275	28.2743	-0.0246326
0.99275	34.5575	-0.0246326
0.99275	40.8407	-0.0246326
0.99275	47.1239	-0.0246326
0.99275	53.4071	-0.0246326
0.99275	59.6903	-0.0246326
0.99275	65.9734	-0.0246326
0.99275	72.2566	-0.0246326
0.99275	78.5398	-0.0246326
0.99275	84.823	-0.0246326
0.99275	91.1062	-0.0246326
0.99275	97.3894	-0.0246326
0.99518	3.14159	-0.0246823
0.99518	9.42478	-0.0246823
0.99518	15.708	-0.0246823
0.99518	21.9911	-0.0246823
0.99518	28.2743	-0.0246823
0.99518	34.5575	-0.0246823
0.99518	40.8407	-0.0246823
0.99518	47.1239	-0.0246823
0.99518	53.4071	-0.0246823
0.99518	59.6903	-0.0246823
0.99518	65.9734	-0.0246823
0.99518	72.2566	-0.0246823
0.99518	78.5398	-0.0246823
0.99518	84.823	-0.0246823
0.99518	91.1062	-0.0246823
0.99518	97.3894	-0.0246823
0.99599	3.14159	-0.0246985
0.99599	9.42478	-0.0246985
0.99599	15.708	-0.0246985
0.99599	21.9911	-0.0246985
0.99599	28.2743	-0.0246985
0.99599	34.5575	-0.0246985
0.99599	40.8407	-0.0246985
0.99599	47.1239	-0.0246985
0.99599	53.4071	-0.0246985
0.99599	59.6903	-0.0246985
0.99599	65.9734	-0.0246985
0.99599	72.2566	-0.0246985
0.99599	78.5398	-0.0246985
0.99599	84.823	-0.0246985
0.99599	91.1062	-0.0246985
0.99599	97.3894	-0.0246985
0.9968	3.14159	-0.0247146
0.9968	9.42478	-0.0247146
0.9968	15.708	-0.0247146
0.9968	21.9911	-0.0247146
0.9968	28.2743	-0.0247146
0.9968	34.5575	-0.0247146
0.9968	40.8407	-0.0247146
0.9968	47.1239	-0.0247146
0.9968	53.4071	-0.0247146
0.9968	59.6903	-0.0247146
0.9968	65.9734	-0.0247146
0.9968	72.2566	-0.0247146
0.9968	78.5398	-0.0247146
0.9968	84.823	-0.0247146
0.9968	91.1062	-0.0247146
0.9968	97.3894	-0.0247146
0.99761	3.14159	-0.0247309
0.99761	9.42478	-0.0247309
0.99761	15.708	-0.0247309
0.99761	21.9911	-0.0247309
0.99761	28.2743	-0.0247309
0.99761	34.5575	-0.0247309
0.99761	40.8407	-0.0247309
0.99761	47.1239	-0.0247309
0.99761	53.4071	-0.0247309
0.99761	59.6903	-0.0247309
0.99761	65.9734	-0.0247309
0.99761	72.2566	-0.0247309
0.99761	78.5398	-0.0247309
0.99761	84.823	-0.0247309
0.99761	91.1062	-0.0247309
0.99761	97.3894	-0.0247309
0.99842	3.14159	-0.0247473
0.99842	9.42478	-0.0247473
0.99842	15.708	-0.0247473
0.99842	21.9911	-0.0247473
0.99842	28.2743	-0.0247473
0.99842	34.5575	-0.0247473
0.99842	40.8407	-0.0247473
0.99842	47.1239	-0.0247473
0.99842	53.4071	-0.0247473
0.99842	59.6903	-0.0247473
0.99842	65.9734	-0.0247473
0.99842	72.2566	-0.0247473
0.99842	78.5398	-0.0247473
0.99842	84.823	-0.0247473
0.99842	91.1062	-0.0247473
0.99842	97.3894	-0.0247473
0.99869	3.14159	-0.0247528
0.99869	9.42478	-0.0247528
0.99869	15.708	-0.0247528
0.99869	21.9911	-0.0247528
0.99869	28.2743	-0.0247528
0.99869	34.5575	-0.0247528
0.99869	40.8407	-0.0247528
0.99869	47.1239	-0.0247528
0.99869	53.4071	-0.0247528
0.99869	59.6903	-0.0247528
0.99869	65.9734	-0.0247528
0.99869	72.2566	-0.0247528
0.99869	78.5398	-0.0247528
0.99869	84.823	-0.0247528
0.99869	91.1062	-0.0247528
0.99869	97.3894	-0.0247528
0.99896	3.14159	-0.0247584
0.99896	9.42478	-0.0247584
0.99896	15.708	-0.0247584
0.99896	21.9911	-0.0247584
0.99896	28.2743	-0.0247584
0.99896	34.5575	-0.0247584
0.99896	40.8407	-0.0247584
0.99896	47.1239	-0.0247584
0.99896	53.4071	-0.0247584
0.99896	59.6903	-0.0247584
0.99896	65.9734	-0.0247584
0.99896	72.2566	-0.0247584
0.99896	78.5398	-0.0247584
0.99896	84.823	-0.0247584
0.99896	91.1062	-0.0247584
0.99896	97.3894	-0.0247584
0.99923	3.14159	-0.024764
0.99923	9.42478	-0.024764
0.99923	15.708	-0.024764
0.99923	21.9911	-0.024764
0.99923	28.2743	-0.024764
0.99923	34.5575	-0.024764
0.99923	40.8407	-0.024764
0.99923	47.1239	-0.024764
0.99923	53.4071	-0.024764
0.99923	59.6903	-0.024764
0.99923	65.9734	-0.024764
0.99923	72.2566	-0.024764
0.99923	78.5398	-0.024764
0.99923	84.823	-0.024764
0.99923	91.1062	-0.024764
0.99923	97.3894	-0.024764
0.9995	3.14159	-0.0247697
0.9995	9.42478	-0.0247697
0.9995	15.708	-0.0247697
0.9995	21.9911	-0.0247697
0.9995	28.2743	-0.0247697
0.9995	34.5575	-0.0247697
0.9995	40.8407	-0.0247697
0.9995	47.1239	-0.0247697
0.9995	53.4071	-0.0247697
0.9995	59.6903	-0.0247697
0.9995	65.9734	-0.0247697
0.9995	72.2566	-0.0247697
0.9995	78.5398	-0.0247697
0.9995	84.823	-0.0247697
0.9995	91.1062	-0.0247697
0.9995	97.3894	-0.0247697
0.99959	3.14159	-0.0247716
0.99959	9.42478	-0.0247716
0.99959	15.708	-0.0247716
0.99959	21.9911	-0.0247716
0.99959	28.2743	-0.0247716
0.99959	34.5575	-0.0247716
0.99959	40.8407	-0.0247716
0.99959	47.1239	-0.0247716
0.99959	53.4071	-0.0247716
0.99959	59.6903	-0.0247716
0.99959	65.9734	-0.0247716
0.99959	72.2566	-0.0247716
0.99959	78.5398	-0.0247716
0.99959	84.823	-0.0247716
0.99959	91.1062	-0.0247716
0.99959	97.3894	-0.0247716
0.99968	3.14159	-0.0247735
0.99968	9.42478	-0.0247735
0.99968	15.708	-0.0247735
0.99968	21.9911	-0.0247735
0.99968	28.2743	-0.0247735
0.99968	34.5575	-0.0247735
0.99968	40.8407	-0.0247735
0.99968	47.1239	-0.0247735
0.99968	53.4071	-0.0247735
0.99968	59.6903	-0.0247735
0.99968	65.9734	-0.0247735
0.99968	72.2566	-0.0247735
0.99968	78.5398	-0.0247735
0.99968	84.823	-0.0247735
0.99968	91.1062	-0.0247735
0.99968	97.3894	-0.0247735
0.99977	3.14159	-0.0247754
0.99977	9.42478	-0.0247754
0.99977	15.708	-0.0247754
0.99977	21.9911	-0.0247754
0.99977	28.2743	-0.0247754
0.99977	34.5575	-0.0247754
0.99977	40.8407	-0.0247754
0.99977	47.1239	-0.0247754
0.99977	53.4071	-0.0247754
0.99977	59.6903	-0.0247754
0.99977	65.9734	-0.0247754
0.99977	72.2566	-0.0247754
0.99977	78.5398	-0.0247754
0.99977	84.823	-0.0247754
0.99977	91.1062	-0.0247754
0.99977	97.3894	-0.0247754
0.99986	3.14159	-0.0247771
0.99986	9.42478	-0.0247771
0.99986	15.708	-0.0247771
0.99986	21.9911	-0.0247771
0.99986	28.2743	-0.0247771
0.99986	34.5575	-0.0247771
0.99986	40.8407	-0.0247771
0.99986	47.1239	-0.0247771
0.99986	53.4071	-0.0247771
0.99986	59.6903	-0.0247771
0.99986	65.9734	-0.0247771
0.99986	72.2566	-0.0247771
0.99986	78.5398	-0.0247771
0.99986	84.823	-0.0247771
0.99986	91.1062	-0.0247771
0.99986	97.3894	-0.0247771
0.99989	3.14159	-0.0247777
0.99989	9.42478	-0.0247777
0.99989	15.708	-0.0247777
0.99989	21.9911	-0.0247777
0.99989	28.2743	-0.0247777
0.99989	34.5575	-0.0247777
0.99989	40.8407	-0.0247777
0.99989	47.1239	-0.0247777
0.99989	53.4071	-0.0247777
0.99989	59.6903	-0.0247777
0.99989	65.9734	-0.0247777
0.99989	72.2566	-0.0247777
0.99989	78.5398	-0.0247777
0.99989	84.823	-0.0247777
0.99989	91.1062	-0.0247777
0.99989	97.3894	-0.0247777
0.99992	3.14159	-0.0247782
0.99992	9.42478	-0.0247782
0.99992	15.708	-0.0247782
0.99992	21.9911	-0.0247782
0.99992	28.2743	-0.0247782
0.99992	34.5575	-0.0247782
0.99992	40.8407	-0.0247782
0.99992	47.1239	-0.0247782
0.99992	53.4071	-0.0247782
0.99992	59.6903	-0.0247782
0.99992	65.9734	-0.0247782
0.99992	72.2566	-0.0247782
0.99992	78.5398	-0.0247782
0.99992	84.823	-0.0247782
0.99992	91.1062	-0.0247782
0.99992	97.3894	-0.0247782
0.99995	3.14159	-0.0247787
0.99995	9.42478	-0.0247787
0.99995	15.708	-0.0247787
0.99995	21.9911	-0.0247787
0.99995	28.2743	-0.0247787
0.99995	34.5575	-0.0247787
0.99995	40.8407	-0.0247787
0.99995	47.1239	-0.0247787
0.99995	53.4071	-0.0247787
0.99995	59.6903	-0.0247787
0.99995	65.9734	-0.0247787
0.99995	72.2566	-0.0247787
0.99995	78.5398	-0.0247787
0.99995	84.823	-0.0247787
0.99995	91.1062	-0.0247787
0.99995	97.3894	-0.0247787
0.99998	3.14159	-0.0247793
0.99998	9.42478	-0.0247793
0.99998	15.708	-0.0247793
0.99998	21.9911	-0.0247793
0.99998	28.2743	-0.0247793
0.99998	34.5575	-0.0247793
0.99998	40.8407	-0.0247793
0.99998	47.1239	-0.0247793
0.99998	53.4071	-0.0247793
0.99998	59.6903	-0.0247793
0.99998	65.9734	-0.0247793
0.99998	72.2566	-0.0247793
0.99998	78.5398	-0.0247793
0.99998	84.823	-0.0247793
0.99998	91.1062	-0.0247793
0.99998	97.3894	-0.0247793
0.99999	3.14159	-0.0247794
0.99999	9.42478	-0.0247794
0.99999	15.708	-0.0247794
0.99999	21.9911	-0.0247794
0.99999	28.2743	-0.0247794
0.99999	34.5575	-0.0247794
0.99999	40.8407	-0.0247794
0.99999	47.1239	-0.0247794
0.99999	53.4071	-0.0247794
0.99999	59.6903	-0.0247794
0.99999	65.9734	-0.0247794
0.99999	72.2566	-0.0247794
0.99999	78.5398	-0.0247794
0.99999	84.823	-0.0247794
0.99999	91.1062	-0.0247794
0.99999	97.3894	-0.0247794
1	3.14159	-0.0247796
1	9.42478	-0.0247796
1	15.708	-0.0247796
1	21.9911	-0.0247796
1	28.2743	-0.0247796
1	34.5575	-0.0247796
1	40.8407	-0.0247796
1	47.1239	-0.0247796
1	53.4071	-0.0247796
1	59.6903	-0.0247796
1	65.9734	-0.0247796
1	72.2566	-0.0247796
1	78.5398	-0.0247796
1	84.823	-0.0247796
1	91.1062	-0.0247796
1	97.3894	-0.0247796
1.00001	3.14159	-0.0247798
1.00001	9.42478	-0.0247798
1.00001	15.708	-0.0247798
1.00001	21.9911	-0.0247798
1.00001	28.2743	-0.0247798
1.00001	34.5575	-0.0247798
1.00001	40.8407	-0.0247798
1.00001	47.1239	-0.0247798
1.00001	53.4071	-0.0247798
1.00001	59.6903	-0.0247798
1.00001	65.9734	-0.0247798
1.00001	72.2566	-0.0247798
1.00001	78.5398	-0.0247798
1.00001	84.823	-0.0247798
1.00001	91.1062	-0.0247798
1.00001	97.3894	-0.0247798
1.00004	3.14159	-0.0247803
1.00004	9.42478	-0.0247803
1.00004	15.708	-0.0247803
1.00004	21.9911	-0.0247803
1.00004	28.2743	-0.0247803
1.00004	34.5575	-0.0247803
1.00004	40.8407	-0.0247803
1.00004	47.1239	-0.0247803
1.00004	53.4071	-0.0247803
1.00004	59.6903	-0.0247803
1.00004	65.9734	-0.0247803
1.00004	72.2566	-0.0247803
1.00004	78.5398	-0.0247803
1.00004	84.823	-0.0247803
1.00004	91.1062	-0.0247803
1.00004	97.3894	-0.0247803
1.00007	3.14159	-0.0247809
1.00007	9.42478	-0.0247809
1.00007	15.708	-0.0247809
1.00007	21.9911	-0.0247809
1.00007	28.2743	-0.0247809
1.00007	34.5575	-0.0247809
1.00007	40.8407	-0.0247809
1.00007	47.1239	-0.0247809
1.00007	53.4071	-0.0247809
1.00007	59.6903	-0.0247809
1.00007	65.9734	-0.0247809
1.00007	72.2566	-0.0247809
1.00007	78.5398	-0.0247809
1.00007	84.823	-0.0247809
1.00007	91.1062	-0.0247809
1.00007	97.3894	-0.0247809
1.0001	3.14159	-0.0247814
1.0001	9.42478	-0.0247814
1.0001	15.708	-0.0247814
1.0001	21.9911	-0.0247814
1.0001	28.2743	-0.0247814
1.0001	34.5575	-0.0247814
1.0001	40.8407	-0.0247814
1.0001	47.1239	-0.0247814
1.0001	53.4071	-0.0247814
1.0001	59.6903	-0.0247814
1.0001	65.9734	-0.0247814
1.0001	72.2566	-0.0247814
1.0001	78.5398	-0.0247814
1.0001	84.823	-0.0247814
1.0001	91.1062	-0.0247814
1.0001	97.3894	-0.0247814
1.00013	3.14159	-0.0247819
1.00013	9.42478	-0.0247819
1.00013	15.708	-0.0247819
1.00013	21.9911	-0.0247819
1.00013	28.2743	-0.0247819
1.00013	34.5575	-0.0247819
1.00013	40.8407	-0.0247819
1.00013	47.1239	-0.0247819
1.00013	53.4071	-0.0247819
1.00013	59.6903	-0.0247819
1.00013	65.9734	-0.0247819
1.00013	72.2566	-0.0247819
1.00013	78.5398	-0.0247819
1.00013	84.823	-0.0247819
1.00013	91.1062	-0.0247819
1.00013	97.3894	-0.0247819
1.00022	3.14159	-0.0247834
1.00022	9.42478	-0.0247834
1.00022	15.708	-0.0247834
1.00022	21.9911	-0.0247834
1.00022	28.2743	-0.0247834
1.00022	34.5575	-0.0247834
1.00022	40.8407	-0.0247834
1.00022	47.1239	-0.0247834
1.00022	53.4071	-0.0247834
1.00022	59.6903	-0.0247834
1.00022	65.9734	-0.0247834
1.00022	72.2566	-0.0247834
1.00022	78.5398	-0.0247834
1.00022	84.823	-0.0247834
1.00022	91.1062	-0.0247834
1.00022	97.3894	-0.0247834
1.00031	3.14159	-0.0247848
1.00031	9.42478	-0.0247848
1.00031	15.708	-0.0247848
1.00031	21.9911	-0.0247848
1.00031	28.2743	-0.0247848
1.00031	34.5575	-0.0247848
1.00031	40.8407	-0.0247848
1.00031	47.1239	-0.0247848
1.00031	53.4071	-0.0247848
1.00031	59.6903	-0.0247848
1.00031	65.9734	-0.0247848
1.00031	72.2566	-0.0247848
1.00031	78.5398	-0.0247848
1.00031	84.823	-0.0247848
1.00031	91.1062	-0.0247848
1.00031	97.3894	-0.0247848
1.0004	3.14159	-0.0247862
1.0004	9.42478	-0.0247862
1.0004	15.708	-0.0247862
1.0004	21.9911	-0.0247862
1.0004	28.2743	-0.0247862
1.0004	34.5575	-0.0247862
1.0004	40.8407	-0.0247862
1.0004	47.1239	-0.0247862
1.0004	53.4071	-0.0247862
1.0004	59.6903	-0.0247862
1.0004	65.9734	-0.0247862
1.0004	72.2566	-0.0247862
1.0004	78.5398	-0.0247862
1.0004	84.823	-0.0247862
1.0004	91.1062	-0.0247862
1.0004	97.3894	-0.0247862
1.00049	3.14159	-0.0247876
1.00049	9.42478	-0.0247876
1.00049	15.708	-0.0247876
1.00049	21.9911	-0.0247876
1.00049	28.2743	-0.0247876
1.00049	34.5575	-0.0247876
1.00049	40.8407	-0.0247876
1.00049	47.1239	-0.0247876
1.00049	53.4071	-0.0247876
1.00049	59.6903	-0.0247876
1.00049	65.9734	-0.0247876
1.00049	72.2566	-0.0247876
1.00049	78.5398	-0.0247876
1.00049	84.823	-0.0247876
1.00049	91.1062	-0.0247876
1.00049	97.3894	-0.0247876
1.00076	3.14159	-0.0247918
1.00076	9.42478	-0.0247918
1.00076	15.708	-0.0247918
1.00076	21.9911	-0.0247918
1.00076	28.2743	-0.0247918
1.00076	34.5575	-0.0247918
1.00076	40.8407	-0.0247918
1.00076	47.1239	-0.0247918
1.00076	53.4071	-0.0247918
1.00076	59.6903	-0.0247918
1.00076	65.9734	-0.0247918
1.00076	72.2566	-0.0247918
1.00076	78.5398	-0.0247918
1.00076	84.823	-0.0247918
1.00076	91.1062	-0.0247918
1.00076	97.3894	-0.0247918
1.00103	3.14159	-0.0247964
1.00103	9.42478	-0.0247964
1.00103	15.708	-0.0247964
1.00103	21.9911	-0.0247964
1.00103	28.2743	-0.0247964
1.00103	34.5575	-0.0247964
1.00103	40.8407	-0.0247964
1.00103	47.1239	-0.0247964
1.00103	53.4071	-0.0247964
1.00103	59.6903	-0.0247964
1.00103	65.9734	-0.0247964
1.00103	72.2566	-0.0247964
1.00103	78.5398	-0.0247964
1.00103	84.823	-0.0247964
1.00103	91.1062	-0.0247964
1.00103	97.3894	-0.0247964
1.0013	3.14159	-0.0248013
1.0013	9.42478	-0.0248013
1.0013	15.708	-0.0248013
1.0013	21.9911	-0.0248013
1.0013	28.2743	-0.0248013
1.0013	34.5575	-0.0248013
1.0013	40.8407	-0.0248013
1.0013	47.1239	-0.0248013
1.0013	53.4071	-0.0248013
1.0013	59.6903	-0.0248013
1.0013	65.9734	-0.0248013
1.0013	72.2566	-0.0248013
1.0013	78.5398	-0.0248013
1.0013	84.823	-0.0248013
1.0013	91.1062	-0.0248013
1.0013	97.3894	-0.0248013
1.00157	3.14159	-0.0248061
1.00157	9.42478	-0.0248061
1.00157	15.708	-0.0248061
1.00157	21.9911	-0.0248061
1.00157	28.2743	-0.0248061
1.00157	34.5575	-0.0248061
1.00157	40.8407	-0.0248061
1.00157	47.1239	-0.0248061
1.00157	53.4071	-0.0248061
1.00157	59.6903	-0.0248061
1.00157	65.9734	-0.0248061
1.00157	72.2566	-0.0248061
1.00157	78.5398	-0.0248061
1.00157	84.823	-0.0248061
1.00157	91.1062	-0.0248061
1.00157	97.3894	-0.0248061
1.00238	3.14159	-0.0248207
1.00238	9.42478	-0.0248207
1.00238	15.708	-0.0248207
1.00238	21.9911	-0.0248207
1.00238	28.2743	-0.0248207
1.00238	34.5575	-0.0248207
1.00238	40.8407	-0.0248207
1.00238	47.1239	-0.0248207
1.00238	53.4071	-0.0248207
1.00238	59.6903	-0.0248207
1.00238	65.9734	-0.0248207
1.00238	72.2566	-0.0248207
1.00238	78.5398	-0.0248207
1.00238	84.823	-0.0248207
1.00238	91.1062	-0.0248207
1.00238	97.3894	-0.0248207
1.00319	3.14159	-0.0248355
1.00319	9.42478	-0.0248355
1.00319	15.708	-0.0248355
1.00319	21.9911	-0.0248355
1.00319	28.2743	-0.0248355
1.00319	34.5575	-0.0248355
1.00319	40.8407	-0.0248355
1.00319	47.1239	-0.0248355
1.00319	53.4071	-0.0248355
1.00319	59.6903	-0.0248355
1.00319	65.9734	-0.0248355
1.00319	72.2566	-0.0248355
1.00319	78.5398	-0.0248355
1.00319	84.823	-0.0248355
1.00319	91.1062	-0.0248355
1.00319	97.3894	-0.0248355
1.004	3.14159	-0.0248503
1.004	9.42478	-0.0248503
1.004	15.708	-0.0248503
1.004	21.9911	-0.0248503
1.004	28.2743	-0.0248503
1.004	34.5575	-0.0248503
1.004	40.8407	-0.0248503
1.004	47.1239	-0.0248503
1.004	53.4071	-0.0248503
1.004	59.6903	-0.0248503
1.004	65.9734	-0.0248503
1.004	72.2566	-0.0248503
1.004	78.5398	-0.0248503
1.004	84.823	-0.0248503
1.004	91.1062	-0.0248503
1.004	97.3894	-0.0248503
1.00481	3.14159	-0.0248651
1.00481	9.42478	-0.0248651
1.00481	15.708	-0.0248651
1.00481	21.9911	-0.0248651
1.00481	28.2743	-0.0248651
1.00481	34.5575	-0.0248651
1.00481	40.8407	-0.0248651
1.00481	47.1239	-0.0248651
1.00481	53.4071	-0.0248651
1.00481	59.6903	-0.0248651
1.00481	65.9734	-0.0248651
1.00481	72.2566	-0.0248651
1.00481	78.5398	-0.0248651
1.00481	84.823	-0.0248651
1.00481	91.1062	-0.0248651
1.00481	97.3894	-0.0248651
1.00724	3.14159	-0.0249084
1.00724	9.42478	-0.0249084
1.00724	15.708	-0.0249084
1.00724	21.9911	-0.0249084
1.00724	28.2743	-0.0249084
1.00724	34.5575	-0.0249084
1.00724	40.8407	-0.0249084
1.00724	47.1239	-0.0249084
1.00724	53.4071	-0.0249084
1.00724	59.6903	-0.0249084
1.00724	65.9734	-0.0249084
1.00724	72.2566	-0.0249084
1.00724	78.5398	-0.0249084
1.00724	84.823	-0.0249084
1.00724	91.1062	-0.0249084
1.00724	97.3894	-0.0249084
1.00967	3.14159	-0.0249523
1.00967	9.42478	-0.0249523
1.00967	15.708	-0.0249523
1.00967	21.9911	-0.0249523
1.00967	28.2743	-0.0249523
1.00967	34.5575	-0.0249523
1.00967	40.8407	-0.0249523
1.00967	47.1239	-0.0249523
1.00967	53.4071	-0.0249523
1.00967	59.6903	-0.0249523
1.00967	65.9734	-0.0249523
1.00967	72.2566	-0.0249523
1.00967	78.5398	-0.0249523
1.00967	84.823	-0.0249523
1.00967	91.1062	-0.0249523
1.00967	97.3894	-0.0249523
1.0121	3.14159	-0.0249982
1.0121	9.42478	-0.0249982
1.0121	15.708	-0.0249982
1.0121	21.9911	-0.0249982
1.0121	28.2743	-0.0249982
1.0121	34.5575	-0.0249982
1.0121	40.8407	-0.0249982
1.0121	47.1239	-0.0249982
1.0121	53.4071	-0.0249982
1.0121	59.6903	-0.0249982
1.0121	65.9734	-0.0249982
1.0121	72.2566	-0.0249982
1.0121	78.5398	-0.0249982
1.0121	84.823	-0.0249982
1.0121	91.1062	-0.0249982
1.0121	97.3894	-0.0249982
1.01453	3.14159	-0.0250437
1.01453	9.42478	-0.0250437
1.01453	15.708	-0.0250437
1.01453	21.9911	-0.0250437
1.01453	28.2743	-0.0250437
1.01453	34.5575	-0.0250437
1.01453	40.8407	-0.0250437
1.01453	47.1239	-0.0250437
1.01453	53.4071	-0.0250437
1.01453	59.6903	-0.0250437
1.01453	65.9734	-0.0250437
1.01453	72.2566	-0.0250437
1.01453	78.5398	-0.0250437
1.01453	84.823	-0.0250437
1.01453	91.1062	-0.0250437
1.01453	97.3894	-0.0250437
1.02182	3.14159	-0.0251806
1.02182	9.42478	-0.0251806
1.02182	15.708	-0.0251806
1.02182	21.9911	-0.0251806
1.02182	28.2743	-0.0251806
1.02182	34.5575	-0.0251806
1.02182	40.8407	-0.0251806
1.02182	47.1239	-0.0251806
1.02182	53.4071	-0.0251806
1.02182	59.6903	-0.0251806
1.02182	65.9734	-0.0251806
1.02182	72.2566	-0.0251806
1.02182	78.5398	-0.0251806
1.02182	84.823	-0.0251806
1.02182	91.1062	-0.0251806
1.02182	97.3894	-0.0251806
1.02911	3.14159	-0.0253147
1.02911	9.42478	-0.0253147
1.02911	15.708	-0.0253147
1.02911	21.9911	-0.0253147
1.02911	28.2743	-0.0253147
1.02911	34.5575	-0.0253147
1.02911	40.8407	-0.0253147
1.02911	47.1239	-0.0253147
1.02911	53.4071	-0.0253147
1.02911	59.6903	-0.0253147
1.02911	65.9734	-0.0253147
1.02911	72.2566	-0.0253147
1.02911	78.5398	-0.0253147
1.02911	84.823	-0.0253147
1.02911	91.1062	-0.0253147
1.02911	97.3894	-0.0253147
1.0364	3.14159	-0.0254407
1.0364	9.42478	-0.0254407
1.0364	15.708	-0.0254407
1.0364	21.9911	-0.0254407
1.0364	28.2743	-0.0254407
1.0364	34.5575	-0.0254407
1.0364	40.8407	-0.0254407
1.0364	47.1239	-0.0254407
1.0364	53.4071	-0.0254407
1.0364	59.6903	-0.0254407
1.0364	65.9734	-0.0254407
1.0364	72.2566	-0.0254407
1.0364	78.5398	-0.0254407
1.0364	84.823	-0.0254407
1.0364	91.1062	-0.0254407
1.0364	97.3894	-0.0254407
1.04369	3.14159	-0.0255701
1.04369	9.42478	-0.0255701
1.04369	15.708	-0.0255701
1.04369	21.9911	-0.0255701
1.04369	28.2743	-0.0255701
1.04369	34.5575	-0.0255701
1.04369	40.8407	-0.0255701
1.04369	47.1239	-0.0255701
1.04369	53.4071	-0.0255701
1.04369	59.6903	-0.0255701
1.04369	65.9734	-0.0255701
1.04369	72.2566	-0.0255701
1.04369	78.5398	-0.0255701
1.04369	84.823	-0.0255701
1.04369	91.1062	-0.0255701
1.04369	97.3894	-0.0255701
1.06556	3.14159	-0.0259551
1.06556	9.42478	-0.0259551
1.06556	15.708	-0.0259551
1.06556	21.9911	-0.0259551
1.06556	28.2743	-0.0259551
1.06556	34.5575	-0.0259551
1.06556	40.8407	-0.0259551
1.06556	47.1239	-0.0259551
1.06556	53.4071	-0.0259551
1.06556	59.6903	-0.0259551
1.06556	65.9734	-0.0259551
1.06556	72.2566	-0.0259551
1.06556	78.5398	-0.0259551
1.06556	84.823	-0.0259551
1.06556	91.1062	-0.0259551
1.06556	97.3894	-0.0259551
1.08743	3.14159	-0.0263443
1.08743	9.42478	-0.0263443
1.08743	15.708	-0.0263443
1.08743	21.9911	-0.0263443
1.08743	28.2743	-0.0263443
1.08743	34.5575	-0.0263443
1.08743	40.8407	-0.0263443
1.08743	47.1239	-0.0263443
1.08743	53.4071	-0.0263443
1.08743	59.6903	-0.0263443
1.08743	65.9734	-0.0263443
1.08743	72.2566	-0.0263443
1.08743	78.5398	-0.0263443
1.08743	84.823	-0.0263443
1.08743	91.1062	-0.0263443
1.08743	97.3894	-0.0263443
1.1093	3.14159	-0.0267619
1.1093	9.42478	-0.0267619
1.1093	15.708	-0.0267619
1.1093	21.9911	-0.0267619
1.1093	28.2743	-0.0267619
1.1093	34.5575	-0.0267619
1.1093	40.8407	-0.0267619
1.1093	47.1239	-0.0267619
1.1093	53.4071	-0.0267619
1.1093	59.6903	-0.0267619
1.1093	65.9734	-0.0267619
1.1093	72.2566	-0.0267619
1.1093	78.5398	-0.0267619
1.1093	84.823	-0.0267619
1.1093	91.1062	-0.0267619
1.1093	97.3894	-0.0267619
1.13117	3.14159	-0.0272252
1.13117	9.42478	-0.0272252
1.13117	15.708	-0.0272252
1.13117	21.9911	-0.0272252
1.13117	28.2743	-0.0272252
1.13117	34.5575	-0.0272252
1.13117	40.8407	-0.0272252
1.13117	47.1239	-0.0272252
1.13117	53.4071	-0.0272252
1.13117	59.6903	-0.0272252
1.13117	65.9734	-0.0272252
1.13117	72.2566	-0.0272252
1.13117	78.5398	-0.0272252
1.13117	84.823	-0.0272252
1.13117	91.1062	-0.0272252
1.13117	97.3894	-0.0272252
1.19678	3.14159	-0.0286237
1.19678	9.42478	-0.0286237
1.19678	15.708	-0.0286237
1.19678	21.9911	-0.0286237
1.19678	28.2743	-0.0286237
1.19678	34.5575	-0.0286237
1.19678	40.8407	-0.0286237
1.19678	47.1239	-0.0286237
1.19678	53.4071	-0.0286237
1.19678	59.6903	-0.0286237
1.19678	65.9734	-0.0286237
1.19678	72.2566	-0.0286237
1.19678	78.5398	-0.0286237
1.19678	84.823	-0.0286237
1.19678	91.1062	-0.0286237
1.19678	97.3894	-0.0286237
1.26239	3.14159	-0.0297885
1.26239	9.42478	-0.0297885
1.26239	15.708	-0.0297885
1.26239	21.9911	-0.0297885
1.26239	28.2743	-0.0297885
1.26239	34.5575	-0.0297885
1.26239	40.8407	-0.0297885
1.26239	47.1239	-0.0297885
1.26239	53.4071	-0.0297885
1.26239	59.6903	-0.0297885
1.26239	65.9734	-0.0297885
1.26239	72.2566	-0.0297885
1.26239	78.5398	-0.0297885
1.26239	84.823	-0.0297885
1.26239	91.1062	-0.0297885
1.26239	97.3894	-0.0297885
1.328	3.14159	-0.0308157
1.328	9.42478	-0.0308157
1.328	15.708	-0.0308157
1.328	21.9911	-0.0308157
1.328	28.2743	-0.0308157
1.328	34.5575	-0.0308157
1.328	40.8407	-0.0308157
1.328	47.1239	-0.0308157
1.328	53.4071	-0.0308157
1.328	59.6903	-0.0308157
1.328	65.9734	-0.0308157
1.328	72.2566	-0.0308157
1.328	78.5398	-0.0308157
1.328	84.823	-0.0308157
1.328	91.1062	-0.0308157
1.328	97.3894	-0.0308157
1.39361	3.14159	-0.0318497
1.39361	9.42478	-0.0318497
1.39361	15.708	-0.0318497
1.39361	21.9911	-0.0318497
1.39361	28.2743	-0.0318497
1.39361	34.5575	-0.0318497
1.39361	40.8407	-0.0318497
1.39361	47.1239	-0.0318497
1.39361	53.4071	-0.0318497
1.39361	59.6903	-0.0318497
1.39361	65.9734	-0.0318497
1.39361	72.2566	-0.0318497
1.39361	78.5398	-0.0318497
1.39361	84.823	-0.0318497
1.39361	91.1062	-0.0318497
1.39361	97.3894	-0.0318497
1.59044	3.14159	-0.0345011
1.59044	9.42478	-0.0345011
1.59044	15.708	-0.0345011
1.59044	21.9911	-0.0345011
1.59044	28.2743	-0.0345011
1.59044	34.5575	-0.0345011
1.59044	40.8407	-0.0345011
1.59044	47.1239	-0.0345011
1.59044	53.4071	-0.0345011
1.59044	59.6903	-0.0345011
1.59044	65.9734	-0.0345011
1.59044	72.2566	-0.0345011
1.59044	78.5398	-0.0345011
1.59044	84.823	-0.0345011
1.59044	91.1062	-0.0345011
1.59044	97.3894	-0.0345011
1.78727	3.14159	-0.0368253
1.78727	9.42478	-0.0368253
1.78727	15.708	-0.0368253
1.78727	21.9911	-0.0368253
1.78727	28.2743	-0.0368253
1.78727	34.5575	-0.0368253
1.78727	40.8407	-0.0368253
1.78727	47.1239	-0.0368253
1.78727	53.4071	-0.0368253
1.78727	59.6903	-0.0368253
1.78727	65.9734	-0.0368253
1.78727	72.2566	-0.0368253
1.78727	78.5398	-0.0368253
1.78727	84.823	-0.0368253
1.78727	91.1062	-0.0368253
1.78727	97.3894	-0.0368253
1.9841	3.14159	-0.0383764
1.9841	9.42478	-0.0383764
1.9841	15.708	-0.0383764
1.9841	21.9911	-0.0383764
1.9841	28.2743	-0.0383764
1.9841	34.5575	-0.0383764
1.9841	40.8407	-0.0383764
1.9841	47.1239	-0.0383764
1.9841	53.4071	-0.0383764
1.9841	59.6903	-0.0383764
1.9841	65.9734	-0.0383764
1.9841	72.2566	-0.0383764
1.9841	78.5398	-0.0383764
1.9841	84.823	-0.0383764
1.9841	91.1062	-0.0383764
1.9841	97.3894	-0.0383764
2.18093	3.14159	-0.0394654
2.18093	9.42478	-0.0394654
2.18093	15.708	-0.0394654
2.18093	21.9911	-0.0394654
2.18093	28.2743	-0.0394654
2.18093	34.5575	-0.0394654
2.18093	40.8407	-0.0394654
2.18093	47.1239	-0.0394654
2.18093	53.4071	-0.0394654
2.18093	59.6903	-0.0394654
2.18093	65.9734	-0.0394654
2.18093	72.2566	-0.0394654
2.18093	78.5398	-0.0394654
2.18093	84.823	-0.0394654
2.18093	91.1062	-0.0394654
2.18093	97.3894	-0.0394654
2.68093	3.14159	-0.0402368
2.68093	9.42478	-0.0402368
2.68093	15.708	-0.0402368
2.68093	21.9911	-0.0402368
2.68093	28.2743	-0.0402368
2.68093	34.5575	-0.0402368
2.68093	40.8407	-0.0402368
2.68093	47.1239	-0.0402368
2.68093	53.4071	-0.0402368
2.68093	59.6903	-0.0402368
2.68093	65.9734	-0.0402368
2.68093	72.2566	-0.0402368
2.68093	78.5398	-0.0402368
2.68093	84.823	-0.0402368
2.68093	91.1062	-0.0402368
2.68093	97.3894	-0.0402368
3.18093	3.14159	-0.0391787
3.18093	9.42478	-0.0391787
3.18093	15.708	-0.0391787
3.18093	21.9911	-0.0391787
3.18093	28.2743	-0.0391787
3.18093	34.5575	-0.0391787
3.18093	40.8407	-0.0391787
3.18093	47.1239	-0.0391787
3.18093	53.4071	-0.0391787
3.18093	59.6903	-0.0391787
3.18093	65.9734	-0.0391787
3.18093	72.2566	-0.0391787
3.18093	78.5398	-0.0391787
3.18093	84.823	-0.0391787
3.18093	91.1062	-0.0391787
3.18093	97.3894	-0.0391787
3.68093	3.14159	-0.0371571
3.68093	9.42478	-0.0371571
3.68093	15.708	-0.0371571
3.68093	21.9911	-0.0371571
3.68093	28.2743	-0.0371571
3.68093	34.5575	-0.0371571
3.68093	40.8407	-0.0371571
3.68093	47.1239	-0.0371571
3.68093	53.4071	-0.0371571
3.68093	59.6903	-0.0371571
3.68093	65.9734	-0.0371571
3.68093	72.2566	-0.0371571
3.68093	78.5398	-0.0371571
3.68093	84.823	-0.0371571
3.68093	91.1062	-0.0371571
3.68093	97.3894	-0.0371571
4.18093	3.14159	-0.034819
4.18093	9.42478	-0.034819
4.18093	15.708	-0.034819
4.18093	21.9911	-0.034819
4.18093	28.2743	-0.034819
4.18093	34.5575	-0.034819
4.18093	40.8407	-0.034819
4.18093	47.1239	-0.034819
4.18093	53.4071	-0.034819
4.18093	59.6903	-0.034819
4.18093	65.9734	-0.034819
4.18093	72.2566	-0.034819
4.18093	78.5398	-0.034819
4.18093	84.823	-0.034819
4.18093	91.1062	-0.034819
4.18093	97.3894	-0.034819
4.68093	3.14159	-0.0323298
4.68093	9.42478	-0.0323298
4.68093	15.708	-0.0323298
4.68093	21.9911	-0.0323298
4.68093	28.2743	-0.0323298
4.68093	34.5575	-0.0323298
4.68093	40.8407	-0.0323298
4.68093	47.1239	-0.0323298
4.68093	53.4071	-0.0323298
4.68093	59.6903	-0.0323298
4.68093	65.9734	-0.0323298
4.68093	72.2566	-0.0323298
4.68093	78.5398	-0.0323298
4.68093	84.823	-0.0323298
4.68093	91.1062	-0.0323298
4.68093	97.3894	-0.0323298
5.18093	3.14159	-0.0300152
5.18093	9.42478	-0.0300152
5.18093	15.708	-0.0300152
5.18093	21.9911	-0.0300152
5.18093	28.2743	-0.0300152
5.18093	34.5575	-0.0300152
5.18093	40.8407	-0.0300152
5.18093	47.1239	-0.0300152
5.18093	53.4071	-0.0300152
5.18093	59.6903	-0.0300152
5.18093	65.9734	-0.0300152
5.18093	72.2566	-0.0300152
5.18093	78.5398	-0.0300152
5.18093	84.823	-0.0300152
5.18093	91.1062	-0.0300152
5.18093	97.3894	-0.0300152
5.68093	3.14159	-0.0279001
5.68093	9.42478	-0.0279001
5.68093	15.708	-0.0279001
5.68093	21.9911	-0.0279001
5.68093	28.2743	-0.0279001
5.68093	34.5575	-0.0279001
5.68093	40.8407	-0.0279001
5.68093	47.1239	-0.0279001
5.68093	53.4071	-0.0279001
5.68093	59.6903	-0.0279001
5.68093	65.9734	-0.0279001
5.68093	72.2566	-0.0279001
5.68093	78.5398	-0.0279001
5.68093	84.823	-0.0279001
5.68093	91.1062	-0.0279001
5.68093	97.3894	-0.0279001
6.18093	3.14159	-0.0260243
6.18093	9.42478	-0.0260243
6.18093	15.708	-0.0260243
6.18093	21.9911	-0.0260243
6.18093	28.2743	-0.0260243
6.18093	34.5575	-0.0260243
6.18093	40.8407	-0.0260243
6.18093	47.1239	-0.0260243
6.18093	53.4071	-0.0260243
6.18093	59.6903	-0.0260243
6.18093	65.9734	-0.0260243
6.18093	72.2566	-0.0260243
6.18093	78.5398	-0.0260243
6.18093	84.823	-0.0260243
6.18093	91.1062	-0.0260243
6.18093	97.3894	-0.0260243
6.68093	3.14159	-0.0242754
6.68093	9.42478	-0.0242754
6.68093	15.708	-0.0242754
6.68093	21.9911	-0.0242754
6.68093	28.2743	-0.0242754
6.68093	34.5575	-0.0242754
6.68093	40.8407	-0.0242754
6.68093	47.1239	-0.0242754
6.68093	53.4071	-0.0242754
6.68093	59.6903	-0.0242754
6.68093	65.9734	-0.0242754
6.68093	72.2566	-0.0242754
6.68093	78.5398	-0.0242754
6.68093	84.823	-0.0242754
6.68093	91.1062	-0.0242754
6.68093	97.3894	-0.0242754
7.18093	3.14159	-0.0226016
7.18093	9.42478	-0.0226016
7.18093	15.708	-0.0226016
7.18093	21.9911	-0.0226016
7.18093	28.2743	-0.0226016
7.18093	34.5575	-0.0226016
7.18093	40.8407	-0.0226016
7.18093	47.1239	-0.0226016
7.18093	53.4071	-0.0226016
7.18093	59.6903	-0.0226016
7.18093	65.9734	-0.0226016
7.18093	72.2566	-0.0226016
7.18093	78.5398	-0.0226016
7.18093	84.823	-0.0226016
7.18093	91.1062	-0.0226016
7.18093	97.3894	-0.0226016
7.68093	3.14159	-0.0212177
7.68093	9.42478	-0.0212177
7.68093	15.708	-0.0212177
7.68093	21.9911	-0.0212177
7.68093	28.2743	-0.0212177
7.68093	34.5575	-0.0212177
7.68093	40.8407	-0.0212177
7.68093	47.1239	-0.0212177
7.68093	53.4071	-0.0212177
7.68093	59.6903	-0.0212177
7.68093	65.9734	-0.0212177
7.68093	72.2566	-0.0212177
7.68093	78.5398	-0.0212177
7.68093	84.823	-0.0212177
7.68093	91.1062	-0.0212177
7.68093	97.3894	-0.0212177
8.18093	3.14159	-0.0198262
8.18093	9.42478	-0.0198262
8.18093	15.708	-0.0198262
8.18093	21.9911	-0.0198262
8.18093	28.2743	-0.0198262
8.18093	34.5575	-0.0198262
8.18093	40.8407	-0.0198262
8.18093	47.1239	-0.0198262
8.18093	53.4071	-0.0198262
8.18093	59.6903	-0.0198262
8.18093	65.9734	-0.0198262
8.18093	72.2566	-0.0198262
8.18093	78.5398	-0.0198262
8.18093	84.823	-0.0198262
8.18093	91.1062	-0.0198262
8.18093	97.3894	-0.0198262
8.68093	3.14159	-0.0186906
8.68093	9.42478	-0.0186906
8.68093	15.708	-0.0186906
8.68093	21.9911	-0.0186906
8.68093	28.2743	-0.0186906
8.68093	34.5575	-0.0186906
8.68093	40.8407	-0.0186906
8.68093	47.1239	-0.0186906
8.68093	53.4071	-0.0186906
8.68093	59.6903	-0.0186906
8.68093	65.9734	-0.0186906
8.68093	72.2566	-0.0186906
8.68093	78.5398	-0.0186906
8.68093	84.823	-0.0186906
8.68093	91.1062	-0.0186906
8.68093	97.3894	-0.0186906
9.18093	3.14159	-0.0175324
9.18093	9.42478	-0.0175324
9.18093	15.708	-0.0175324
9.18093	21.9911	-0.0175324
9.18093	28.2743	-0.0175324
9.18093	34.5575	-0.0175324
9.18093	40.8407	-0.0175324
9.18093	47.1239	-0.0175324
9.18093	53.4071	-0.0175324
9.18093	59.6903	-0.0175324
9.18093	65.9734	-0.0175324
9.18093	72.2566	-0.0175324
9.18093	78.5398	-0.0175324
9.18093	84.823	-0.0175324
9.18093	91.1062	-0.0175324
9.18093	97.3894	-0.0175324
9.68093	3.14159	-0.016575
9.68093	9.42478	-0.016575
9.68093	15.708	-0.016575
9.68093	21.9911	-0.016575
9.68093	28.2743	-0.016575
9.68093	34.5575	-0.016575
9.68093	40.8407	-0.016575
9.68093	47.1239	-0.016575
9.68093	53.4071	-0.016575
9.68093	59.6903	-0.016575
9.68093	65.9734	-0.016575
9.68093	72.2566	-0.016575
9.68093	78.5398	-0.016575
9.68093	84.823	-0.016575
9.68093	91.1062	-0.016575
9.68093	97.3894	-0.016575
