0.0 
0.0 
0.419746384476 
0.000548581048491 
0.000548581048491 
-0.00500641383112 
-0.00500641383112 
0.00062484647167 
0.171183498155 
0.324689336629 
0.462845103626 
0.587185451278 
0.699091826355 
0.799807591855 
0.000520037731534 
-0.0051300227784 
-0.00576238796682 
0.0851279956099 
0.0851279956099 
0.371006407586 
0.628286109123 
0.859832427469 
1.06822110849 
1.25576903623 
0.0851279956099 
0.371006407586 
0.628286109123 
0.859832427469 
1.06822110849 
1.25576903623 
0.0846057377796 
0.364437295537 
0.616285697518 
0.842949259302 
1.04694646491 
1.23054394995 
1.39578168649 
1.54449564938 
1.67833821597 
1.79879652591 
0.0846057377796 
0.364437295537 
0.616285697518 
0.842949259302 
1.04694646491 
1.23054394995 
1.39578168649 
1.54449564938 
1.67833821597 
1.79879652591 
1.90720900486 
2.00478023591 
2.09259434385 
2.171627041 
2.24275646844 
2.30677295313 
2.36438778935 
2.41624114195 
2.46290915929 
2.5049103749 
0.0846057377796 
0.364437295537 
0.616285697518 
0.842949259302 
1.04694646491 
1.23054394995 
1.39578168649 
1.54449564938 
1.67833821597 
1.79879652591 
1.90720900486 
2.00478023591 
2.09259434385 
2.171627041 
2.24275646844 
2.30677295313 
2.36438778935 
2.41624114195 
2.46290915929 
2.5049103749 
0.0 
0.0 
0.0 
0.0 
0.0 
0.0 
0.0 
0.0 
0.0 
0.0 
0.0 
0.0 
0.0 
0.0 
0.0 
0.0 
0.0 
0.0 
0.0 
0.0 
0.0 
0.0 
0.0 
0.0 
0.0 
0.0 
0.0 
0.0 
0.0 
0.0 
0.0 
0.0 
0.0 
0.0 
0.0 
0.0 
0.0 
0.0 
0.0 
0.0 
0.0 
0.0 
0.0 
0.0 
